1.062240000000000103e-03
-3.218159999999999966e-04
-3.491669999999999995e-04
-3.652640000000000184e-04
-3.657190000000000267e-04
-3.399279999999999750e-04
-3.067619999999999744e-04
-2.747809999999999836e-04
-2.377919999999999893e-04
-1.803850000000000017e-04
-1.291099999999999887e-04
-2.345259999999999972e-05
8.302220000000000617e-05
1.996210000000000053e-04
2.514069999999999868e-04
2.529659999999999765e-04
2.692039999999999928e-04
2.702329999999999858e-04
9.247939999999999416e-05
-3.267369999999999856e-05
-3.907270000000000285e-05
1.217370000000000035e-04
1.934390000000000024e-04
2.774440000000000088e-04
2.886230000000000046e-04
2.002779999999999957e-04
2.406949999999999986e-04
3.061629999999999755e-04
4.541789999999999760e-04
1.653369999999999927e-04
9.884229999999999384e-05
-1.334949999999999950e-04
-5.310930000000000327e-05
4.239269999999999952e-04
5.136529999999999829e-04
-4.159620000000000266e-04
-9.482400000000000420e-04
-7.100949999999999970e-04
-5.341220000000000473e-04
3.953769999999999924e-05
-5.539619999999999657e-04
-4.094120000000000029e-04
-1.010119999999999985e-03
-1.910019999999999904e-03
-1.857609999999999990e-03
-1.020939999999999912e-03
-1.079649999999999924e-03
-9.861150000000000818e-04
-1.144540000000000097e-03
-6.105989999999999725e-04
-4.712319999999999768e-04
-5.852570000000000515e-04
3.844070000000000212e-04
2.333459999999999983e-04
6.117949999999999929e-05
9.901370000000000917e-04
1.441009999999999947e-03
2.251929999999999969e-04
1.075290000000000013e-03
-4.881940000000000221e-05
-1.082470000000000090e-03
-1.704489999999999911e-03
-2.112430000000000210e-03
-1.916610000000000015e-03
-2.424459999999999810e-03
-1.284519999999999933e-03
3.087230000000000052e-04
-1.063790000000000005e-03
-1.722510000000000013e-03
-1.094539999999999966e-03
-4.251020000000000319e-03
-3.853249999999999904e-03
-3.294210000000000107e-03
-1.490549999999999991e-03
-3.031069999999999858e-03
-3.426150000000000202e-03
-1.337709999999999984e-03
1.091439999999999945e-03
2.791189999999999817e-03
2.065239999999999871e-03
2.065720000000000056e-03
-4.886200000000000265e-03
-3.661119999999999913e-03
1.070409999999999938e-03
1.309550000000000037e-03
3.139540000000000126e-03
5.661290000000000246e-03
4.571559999999999686e-03
-1.644059999999999922e-03
-6.850329999999999961e-03
-6.944259999999999843e-03
-1.155279999999999957e-04
3.048250000000000178e-03
5.265670000000000073e-03
7.026199999999999807e-03
-5.650990000000000050e-04
-3.881579999999999926e-03
-5.753920000000000042e-03
-1.063769999999999993e-02
-1.088869999999999942e-02
-8.978229999999999588e-04
-7.871310000000000502e-04
-4.380339999999999928e-03
-1.014810000000000104e-03
1.355740000000000027e-03
-7.407490000000000081e-03
-8.146830000000000738e-03
-3.709259999999999814e-03
2.860500000000000195e-03
4.291389999999999962e-03
6.498799999999999889e-03
7.694050000000000021e-03
-2.269709999999999924e-04
-6.298190000000000385e-03
-5.799570000000000419e-03
-4.477519999999999916e-04
-9.005369999999999738e-04
6.668780000000000020e-03
2.149230000000000088e-05
-5.240289999999999879e-03
-1.128419999999999944e-02
-3.489869999999999843e-04
-1.659600000000000007e-03
-1.141990000000000062e-03
-2.991999999999999868e-03
-1.950609999999999974e-03
3.160839999999999830e-03
9.196779999999999886e-03
-5.413969999999999720e-03
-1.516499999999999966e-02
-2.328859999999999871e-03
1.044540000000000052e-02
9.827290000000000678e-03
5.730019999999999732e-03
2.499919999999999877e-04
-2.461660000000000063e-03
3.779760000000000064e-03
1.276030000000000046e-02
-1.422899999999999946e-03
1.801709999999999987e-03
2.869819999999999923e-03
8.751230000000000467e-03
-8.308039999999999176e-03
-2.070730000000000140e-02
-2.167229999999999851e-02
-2.169789999999999913e-02
-4.001529999999999671e-03
6.778759999999999994e-03
2.210360000000000102e-02
2.299539999999999917e-02
2.601730000000000015e-02
9.871899999999999425e-03
-1.581549999999999970e-02
-3.382750000000000340e-02
-2.412749999999999964e-02
-2.496509999999999962e-03
7.568339999999999573e-04
-7.461790000000000263e-03
-1.528589999999999983e-02
-1.900349999999999956e-02
-3.048489999999999880e-02
-6.421890000000000411e-03
1.127500000000000030e-02
1.547879999999999916e-02
3.126960000000000156e-02
4.802599999999999925e-02
3.553030000000000077e-02
1.076910000000000020e-02
-2.835840000000000062e-03
-1.108360000000000074e-02
7.337650000000000249e-03
2.406679999999999930e-02
1.902389999999999984e-02
1.079669999999999935e-02
2.022529999999999814e-03
-1.936339999999999936e-02
-3.687719999999999887e-02
-3.183020000000000294e-02
-1.091160000000000047e-02
3.997859999999999782e-03
-6.179659999999999580e-04
-1.039499999999999973e-02
-2.923119999999999885e-02
-2.711519999999999903e-02
-2.247719999999999926e-02
-2.226670000000000038e-02
4.493660000000000015e-03
4.397109999999999908e-02
4.979000000000000092e-02
2.456320000000000031e-02
-9.488380000000000251e-04
-1.761079999999999937e-02
-1.651220000000000118e-02
-6.740679999999999762e-03
-2.211519999999999805e-03
2.117410000000000125e-03
1.936320000000000055e-03
6.773490000000000500e-04
8.422179999999999597e-03
1.693499999999999867e-02
5.508650000000000352e-03
1.068440000000000015e-02
2.167070000000000107e-02
4.797440000000000038e-03
-6.908629999999999806e-03
-3.611940000000000116e-03
4.672960000000000308e-03
3.900279999999999893e-03
-4.048320000000000217e-03
1.445200000000000054e-04
3.392889999999999968e-03
-6.024589999999999590e-04
1.170280000000000105e-03
-8.268799999999999761e-03
-2.782170000000000129e-02
-3.726410000000000139e-02
-3.060910000000000020e-02
-8.565790000000000209e-03
1.405140000000000035e-02
2.487289999999999987e-02
2.843079999999999913e-02
2.538709999999999925e-02
7.929870000000000321e-03
-1.840829999999999897e-02
-1.597010000000000096e-02
-2.033520000000000032e-03
6.166310000000000367e-03
1.450330000000000022e-02
9.919429999999999914e-03
-1.446049999999999940e-02
-2.099550000000000027e-02
-4.005719999999999940e-03
1.886929999999999857e-02
2.893729999999999913e-02
1.404910000000000013e-02
-7.254909999999999831e-03
-1.714270000000000030e-02
-2.870440000000000144e-02
-1.756610000000000116e-02
-3.661119999999999913e-03
-5.456299999999999865e-03
-7.460750000000000368e-03
-2.839379999999999855e-03
1.740979999999999958e-02
3.137949999999999767e-02
2.438879999999999867e-02
2.057729999999999976e-02
1.311410000000000006e-02
2.477930000000000150e-03
1.893890000000000070e-03
2.228799999999999965e-03
-2.517650000000000183e-03
-8.167380000000000126e-03
-7.918200000000000238e-03
6.160409999999999844e-03
1.917129999999999876e-02
1.826790000000000011e-02
1.163379999999999970e-02
3.681540000000000073e-03
-4.441490000000000195e-03
3.482779999999999882e-04
1.072960000000000060e-02
1.703990000000000019e-02
2.109619999999999898e-02
1.902859999999999968e-02
1.836760000000000129e-02
1.260790000000000001e-02
4.876290000000000030e-04
-9.168269999999999198e-03
-2.944720000000000063e-03
-9.774189999999999875e-04
-8.479739999999999500e-03
-2.076139999999999930e-02
-3.440460000000000046e-02
-3.499809999999999727e-02
-2.492669999999999955e-02
-1.034449999999999953e-02
-6.995219999999999910e-03
-2.356669999999999945e-03
1.834710000000000160e-02
3.689789999999999737e-02
4.723009999999999708e-02
4.308759999999999674e-02
2.654739999999999878e-02
5.163779999999999759e-03
-8.063390000000000141e-03
-2.569230000000000038e-03
-9.148739999999999824e-04
-7.488129999999999960e-03
-7.847770000000000440e-03
-6.926990000000000057e-03
1.764179999999999958e-03
1.151690000000000005e-02
8.881379999999999483e-03
-1.890490000000000096e-03
-1.424450000000000022e-02
-3.461290000000000200e-02
-6.027470000000000050e-02
-6.784610000000000640e-02
-5.613329999999999709e-02
-3.991120000000000084e-02
-3.483519999999999672e-02
-2.930160000000000056e-02
-2.495589999999999961e-02
-2.745500000000000024e-02
-3.440580000000000027e-02
-2.293289999999999912e-02
3.231860000000000028e-03
1.427980000000000048e-02
1.553120000000000021e-02
2.581960000000000158e-02
3.519329999999999681e-02
4.278150000000000008e-02
5.485629999999999673e-02
6.462420000000000664e-02
6.910660000000000414e-02
8.445850000000000579e-02
9.787809999999999566e-02
9.193160000000000220e-02
7.986070000000000668e-02
7.409739999999999382e-02
8.867619999999999669e-02
1.126179999999999959e-01
1.269530000000000103e-01
1.332190000000000041e-01
1.273070000000000035e-01
1.202710000000000029e-01
1.142819999999999947e-01
1.093959999999999932e-01
9.712619999999999587e-02
7.152540000000000286e-02
3.227180000000000326e-02
-1.873009999999999953e-02
-5.748629999999999712e-02
-6.336569999999999703e-02
-3.753059999999999730e-02
4.793539999999999780e-04
2.577099999999999877e-02
4.542859999999999954e-02
4.940159999999999690e-02
4.517550000000000038e-02
4.547670000000000184e-02
4.434849999999999903e-02
4.111719999999999958e-02
3.731899999999999801e-02
1.891599999999999879e-02
-3.158749999999999752e-02
-1.061499999999999944e-01
-1.690859999999999863e-01
-2.171089999999999964e-01
-2.387039999999999995e-01
-2.315339999999999898e-01
-2.076520000000000032e-01
-1.673179999999999945e-01
-1.080089999999999939e-01
-5.425039999999999724e-02
-2.630340000000000109e-02
-2.528050000000000089e-02
-2.714470000000000077e-02
7.173889999999999607e-03
7.458670000000000577e-02
1.259609999999999896e-01
1.471820000000000073e-01
1.630929999999999880e-01
1.826790000000000080e-01
1.965030000000000110e-01
2.070049999999999946e-01
2.093919999999999948e-01
2.082040000000000002e-01
2.133639999999999981e-01
2.256229999999999902e-01
2.302200000000000080e-01
2.286779999999999924e-01
2.190739999999999910e-01
1.944579999999999920e-01
1.450919999999999987e-01
7.372629999999999462e-02
-2.635030000000000011e-02
-1.353820000000000023e-01
-2.180459999999999898e-01
-2.709349999999999814e-01
-3.108600000000000252e-01
-3.336560000000000081e-01
-3.451489999999999836e-01
-3.487319999999999864e-01
-3.451080000000000259e-01
-3.322640000000000038e-01
-3.189580000000000193e-01
-3.027610000000000023e-01
-2.884160000000000057e-01
-2.740679999999999783e-01
-2.535580000000000056e-01
-2.229579999999999895e-01
-1.726900000000000102e-01
-1.241820000000000007e-01
-9.668939999999999479e-02
-8.856680000000000108e-02
-8.817440000000000000e-02
-8.674469999999999403e-02
-8.187899999999999345e-02
-7.891869999999999441e-02
-8.641200000000000270e-02
-1.072170000000000067e-01
-1.293459999999999888e-01
-1.431360000000000132e-01
-1.439840000000000009e-01
-1.262469999999999981e-01
-9.805129999999999402e-02
-6.639440000000000619e-02
-4.343829999999999913e-02
-3.315810000000000285e-02
-1.990130000000000024e-02
-7.770299999999999950e-03
1.550490000000000028e-02
5.033409999999999968e-02
9.016159999999999453e-02
1.330179999999999974e-01
1.744910000000000072e-01
2.157370000000000121e-01
2.506459999999999799e-01
2.813189999999999857e-01
3.093509999999999871e-01
3.330330000000000235e-01
3.529070000000000262e-01
3.667099999999999804e-01
3.696459999999999746e-01
3.555980000000000252e-01
3.099540000000000073e-01
2.034060000000000035e-01
7.161599999999999910e-02
-4.266439999999999816e-02
-1.082089999999999996e-01
-1.227570000000000050e-01
-1.317460000000000020e-01
-1.540630000000000055e-01
-1.780700000000000061e-01
-1.731389999999999874e-01
-1.372980000000000034e-01
-9.112430000000000530e-02
-5.070510000000000295e-02
-2.401760000000000006e-02
1.016369999999999947e-02
4.370980000000000004e-02
7.105899999999999717e-02
8.203829999999999456e-02
9.334109999999999630e-02
1.021709999999999979e-01
1.182900000000000063e-01
1.368810000000000027e-01
1.477459999999999885e-01
1.395760000000000056e-01
1.108019999999999977e-01
7.358480000000000576e-02
5.338600000000000290e-02
6.294410000000000283e-02
7.557619999999999616e-02
6.142630000000000312e-02
1.232169999999999967e-02
-6.032969999999999999e-02
-1.331410000000000093e-01
-1.869869999999999866e-01
-2.028610000000000135e-01
-1.899959999999999982e-01
-1.779189999999999938e-01
-1.748109999999999942e-01
-1.757650000000000046e-01
-1.757519999999999916e-01
-1.735180000000000056e-01
-1.654690000000000050e-01
-1.534580000000000111e-01
-1.358709999999999918e-01
-1.184810000000000030e-01
-1.087629999999999986e-01
-1.032600000000000046e-01
-9.041699999999999737e-02
-6.939810000000000423e-02
-4.190529999999999949e-02
-1.639780000000000057e-02
1.344479999999999981e-02
4.933880000000000210e-02
8.018609999999999627e-02
1.019469999999999960e-01
1.172269999999999979e-01
1.308110000000000106e-01
1.400359999999999938e-01
1.386360000000000092e-01
1.231470000000000065e-01
9.795199999999999740e-02
7.199029999999999319e-02
4.079109999999999681e-02
1.172669999999999962e-02
-1.274710000000000079e-03
-9.654110000000000469e-03
-1.852519999999999861e-02
-3.371960000000000235e-02
-4.863320000000000143e-02
-5.602039999999999798e-02
-5.476290000000000324e-02
-3.972690000000000249e-02
-1.674909999999999941e-02
5.070490000000000413e-03
7.965589999999999823e-03
-1.776000000000000148e-02
-6.224310000000000259e-02
-9.501619999999999511e-02
-9.910140000000000615e-02
-8.383799999999999586e-02
-5.507719999999999977e-02
-4.019599999999999909e-03
4.938769999999999966e-02
8.214939999999999742e-02
8.471520000000000439e-02
5.993310000000000304e-02
3.729570000000000107e-02
4.843770000000000020e-02
8.045099999999999474e-02
1.035060000000000008e-01
1.231440000000000035e-01
1.461939999999999906e-01
1.748520000000000074e-01
1.947349999999999914e-01
2.047410000000000063e-01
1.991040000000000032e-01
1.713919999999999888e-01
1.222599999999999937e-01
8.155900000000000649e-02
5.896930000000000227e-02
5.588629999999999987e-02
6.466130000000000488e-02
7.387820000000000498e-02
7.207289999999999530e-02
5.975620000000000237e-02
4.173589999999999939e-02
2.865919999999999926e-02
2.085559999999999845e-02
1.728809999999999895e-03
-2.415590000000000098e-02
-6.325930000000000442e-02
-1.034410000000000052e-01
-1.550719999999999876e-01
-1.889429999999999998e-01
-2.082559999999999967e-01
-2.112199999999999911e-01
-1.996390000000000109e-01
-1.763710000000000000e-01
-1.345780000000000032e-01
-8.660429999999999517e-02
-3.476710000000000217e-02
8.317069999999999325e-03
5.206039999999999973e-02
9.040539999999999687e-02
1.192239999999999966e-01
1.387649999999999995e-01
1.284160000000000024e-01
9.284130000000000160e-02
4.075909999999999950e-02
-1.222499999999999976e-02
-4.376809999999999728e-02
-5.306749999999999662e-02
-4.931710000000000260e-02
-4.860509999999999831e-02
-5.809879999999999906e-02
-7.880020000000000080e-02
-9.570910000000000528e-02
-1.077339999999999964e-01
-1.024290000000000062e-01
-7.415130000000000332e-02
-3.397159999999999763e-02
8.192520000000000011e-03
3.351490000000000025e-02
3.967919999999999781e-02
3.523869999999999780e-02
2.978859999999999841e-02
3.106630000000000155e-02
3.149149999999999866e-02
2.407830000000000040e-02
-2.271260000000000206e-03
-4.352820000000000300e-02
-8.394129999999999647e-02
-1.207260000000000000e-01
-1.498680000000000012e-01
-1.665389999999999926e-01
-1.785809999999999897e-01
-1.792700000000000127e-01
-1.675300000000000122e-01
-1.486790000000000056e-01
-1.256929999999999992e-01
-1.137370000000000048e-01
-1.050900000000000029e-01
-9.356299999999999339e-02
-7.039439999999999586e-02
-3.420580000000000148e-02
3.228449999999999896e-04
2.046409999999999896e-02
3.406959999999999850e-02
4.983950000000000186e-02
7.146039999999999337e-02
9.651220000000000632e-02
1.204670000000000046e-01
1.415879999999999916e-01
1.592560000000000087e-01
1.735869999999999913e-01
1.881790000000000129e-01
2.037609999999999977e-01
2.177419999999999911e-01
2.283840000000000037e-01
2.324360000000000037e-01
2.211339999999999972e-01
1.920149999999999912e-01
1.432930000000000037e-01
9.836300000000000598e-02
5.879700000000000204e-02
2.913709999999999911e-02
8.215369999999999617e-03
-2.023959999999999995e-02
-4.841220000000000245e-02
-6.436440000000000217e-02
-6.689929999999999488e-02
-6.374929999999999486e-02
-5.987869999999999998e-02
-5.502359999999999890e-02
-4.679810000000000220e-02
-3.336650000000000033e-02
-1.950079999999999869e-02
-2.407470000000000042e-04
2.231920000000000084e-02
4.399299999999999738e-02
5.789079999999999920e-02
6.057719999999999771e-02
5.941489999999999966e-02
5.110470000000000290e-02
4.363279999999999936e-02
2.815209999999999935e-02
3.937470000000000206e-03
-2.457360000000000100e-02
-4.405429999999999763e-02
-4.647140000000000298e-02
-3.875649999999999928e-02
-2.392570000000000113e-02
-6.363259999999999923e-03
1.406959999999999981e-02
2.895400000000000057e-02
3.836980000000000252e-02
3.843099999999999988e-02
2.513390000000000069e-02
2.386399999999999893e-03
-1.419639999999999964e-02
-3.326939999999999759e-02
-4.117959999999999676e-02
-3.854420000000000068e-02
-2.607179999999999914e-02
-1.300710000000000061e-02
-7.821759999999999867e-04
8.949139999999999526e-03
1.170689999999999925e-02
6.626589999999999911e-03
1.825250000000000049e-03
1.783220000000000074e-03
5.064789999999999570e-03
1.001960000000000003e-02
1.382290000000000081e-02
2.087900000000000172e-02
2.670319999999999985e-02
3.183180000000000037e-02
3.006139999999999854e-02
2.082410000000000164e-02
7.724380000000000308e-03
-9.003159999999999635e-03
-1.460469999999999997e-02
-1.320280000000000065e-02
-7.471959999999999713e-03
-1.267010000000000055e-03
9.352879999999999180e-03
1.891800000000000079e-02
2.194029999999999939e-02
1.719479999999999967e-02
3.193300000000000045e-03
-1.249959999999999960e-02
-2.396190000000000125e-02
-2.928539999999999963e-02
-3.168719999999999870e-02
-3.365320000000000117e-02
-3.309100000000000236e-02
-3.605379999999999696e-02
-3.892940000000000289e-02
-4.468670000000000281e-02
-5.198959999999999693e-02
-6.442040000000000266e-02
-7.820269999999999999e-02
-8.778829999999999967e-02
-9.099980000000000568e-02
-8.756029999999999369e-02
-7.493099999999999761e-02
-4.957740000000000063e-02
-1.593369999999999856e-02
2.165419999999999845e-02
5.264180000000000248e-02
7.107239999999999391e-02
7.635300000000000420e-02
7.917609999999999926e-02
7.869020000000000181e-02
7.718229999999999535e-02
7.122199999999999365e-02
6.287479999999999458e-02
5.212460000000000010e-02
4.207040000000000085e-02
3.208319999999999922e-02
1.814210000000000128e-02
2.531349999999999920e-03
-1.334169999999999974e-02
-2.738060000000000146e-02
-3.883469999999999978e-02
-5.370740000000000236e-02
-7.126820000000000377e-02
-8.437609999999999555e-02
-9.212090000000000556e-02
-9.465629999999999877e-02
-9.646810000000000107e-02
-9.138010000000000577e-02
-7.762109999999999843e-02
-5.475399999999999712e-02
-2.936510000000000162e-02
-1.015489999999999969e-02
1.012649999999999922e-03
6.721219999999999972e-03
6.350790000000000254e-03
2.548879999999999896e-03
-8.411570000000000158e-03
-2.327869999999999939e-02
-3.051310000000000133e-02
-3.238039999999999669e-02
-3.033519999999999966e-02
-2.455270000000000022e-02
-2.443069999999999964e-02
-2.873809999999999906e-02
-3.582380000000000286e-02
-4.149830000000000185e-02
-4.578759999999999775e-02
-4.387669999999999765e-02
-3.528699999999999892e-02
-2.451309999999999947e-02
-9.520529999999999271e-03
5.212160000000000404e-03
2.002670000000000144e-02
3.024280000000000024e-02
3.360199999999999992e-02
3.673389999999999989e-02
4.422849999999999698e-02
5.294270000000000226e-02
6.016080000000000039e-02
6.679430000000000089e-02
7.117740000000000178e-02
7.878730000000000455e-02
8.804639999999999689e-02
9.820349999999999913e-02
1.063019999999999937e-01
1.128360000000000057e-01
1.142989999999999978e-01
1.123040000000000010e-01
1.025940000000000046e-01
8.219490000000000129e-02
5.441560000000000147e-02
2.280230000000000104e-02
3.478650000000000143e-06
-1.220249999999999981e-02
-1.735280000000000156e-02
-1.984050000000000050e-02
-2.457669999999999993e-02
-2.675910000000000094e-02
-2.287959999999999994e-02
-1.173910000000000058e-02
-9.641629999999999775e-04
3.356229999999999977e-03
2.123400000000000114e-03
1.225459999999999885e-04
-4.827770000000000325e-03
-5.911600000000000361e-03
-3.302059999999999891e-03
6.270959999999999902e-03
1.265059999999999969e-02
1.409149999999999986e-02
1.137370000000000048e-02
3.256489999999999906e-03
-7.833299999999999638e-03
-1.856769999999999948e-02
-2.702159999999999979e-02
-3.055570000000000161e-02
-3.515990000000000087e-02
-3.743620000000000281e-02
-4.014009999999999800e-02
-3.855900000000000299e-02
-3.266229999999999828e-02
-2.284119999999999900e-02
-5.745310000000000000e-03
1.270270000000000080e-02
2.802340000000000039e-02
3.940140000000000309e-02
4.544009999999999716e-02
4.908269999999999994e-02
5.128699999999999926e-02
5.135279999999999706e-02
4.780870000000000258e-02
4.227979999999999933e-02
3.685900000000000287e-02
3.283640000000000170e-02
2.752539999999999848e-02
1.557979999999999955e-02
-1.790369999999999896e-03
-2.061239999999999947e-02
-4.000970000000000221e-02
-5.505630000000000246e-02
-5.860760000000000275e-02
-5.496750000000000247e-02
-4.286800000000000332e-02
-3.145889999999999798e-02
-2.351879999999999943e-02
-2.359090000000000145e-02
-3.260620000000000185e-02
-4.357250000000000012e-02
-5.653090000000000198e-02
-6.705200000000000049e-02
-7.559720000000000328e-02
-8.274270000000000236e-02
-8.637580000000000258e-02
-8.888340000000000130e-02
-8.712300000000000599e-02
-7.842309999999999559e-02
-6.615999999999999659e-02
-4.917930000000000218e-02
-3.366299999999999848e-02
-1.711690000000000086e-02
-3.615380000000000069e-03
6.306929999999999654e-03
1.268889999999999948e-02
1.974820000000000048e-02
2.676409999999999900e-02
3.839399999999999757e-02
4.673179999999999695e-02
4.999250000000000221e-02
4.961290000000000144e-02
4.558120000000000227e-02
3.958740000000000175e-02
2.665139999999999870e-02
1.518199999999999932e-02
8.128770000000000440e-03
8.065599999999999159e-03
8.891130000000000561e-03
9.821959999999999372e-03
1.083540000000000024e-02
8.398050000000000653e-03
5.364960000000000215e-03
-1.006350000000000040e-03
-4.863600000000000041e-03
-1.010340000000000023e-02
-1.869960000000000025e-02
-2.828119999999999939e-02
-3.576560000000000156e-02
-3.883439999999999809e-02
-3.713120000000000309e-02
-3.310169999999999779e-02
-2.757379999999999901e-02
-1.931750000000000134e-02
-1.050489999999999931e-02
1.868840000000000084e-03
1.301609999999999920e-02
2.099470000000000156e-02
2.267129999999999840e-02
2.107310000000000086e-02
1.888000000000000095e-02
2.060839999999999894e-02
2.520709999999999965e-02
3.093560000000000060e-02
3.261019999999999891e-02
2.871330000000000063e-02
1.934220000000000036e-02
1.021150000000000009e-02
2.684000000000000188e-03
-4.701999999999999583e-03
-1.328469999999999998e-02
-2.209159999999999943e-02
-3.237879999999999925e-02
-4.261179999999999829e-02
-4.919219999999999843e-02
-5.067669999999999814e-02
-4.955690000000000095e-02
-4.344080000000000163e-02
-3.036399999999999863e-02
-2.242519999999999930e-02
-1.876229999999999912e-02
-2.116480000000000097e-02
-2.604920000000000152e-02
-3.151530000000000303e-02
-3.460660000000000125e-02
-3.394180000000000114e-02
-2.418230000000000032e-02
-1.232280000000000007e-02
-1.437450000000000056e-03
2.841119999999999930e-03
5.771660000000000505e-04
-6.293960000000000353e-03
-1.196189999999999927e-02
-1.201860000000000081e-02
-7.545610000000000338e-03
5.742759999999999749e-04
8.964400000000000840e-03
1.495020000000000029e-02
1.738730000000000137e-02
1.663649999999999851e-02
1.440390000000000073e-02
1.005950000000000073e-02
5.640319999999999882e-03
1.959970000000000115e-03
-6.331180000000000054e-04
2.550540000000000012e-03
7.627339999999999814e-03
1.337089999999999980e-02
2.016489999999999949e-02
2.135460000000000136e-02
2.100259999999999974e-02
1.706099999999999978e-02
9.747179999999999386e-03
3.608280000000000168e-03
-1.011170000000000038e-03
1.526540000000000058e-03
6.195700000000000165e-03
1.273499999999999979e-02
2.126569999999999849e-02
2.776649999999999952e-02
3.046389999999999862e-02
2.830819999999999864e-02
1.869969999999999966e-02
7.258539999999999957e-03
-6.221779999999999672e-03
-1.474660000000000033e-02
-2.477359999999999979e-02
-4.019729999999999831e-02
-5.226999999999999702e-02
-6.205039999999999861e-02
-6.584009999999999863e-02
-6.496409999999999685e-02
-5.979999999999999899e-02
-5.051200000000000134e-02
-4.046519999999999978e-02
-2.897589999999999888e-02
-1.514180000000000040e-02
-4.666840000000000224e-03
4.033390000000000412e-03
1.561019999999999942e-02
2.159579999999999833e-02
2.434369999999999937e-02
1.977160000000000029e-02
9.805700000000000527e-03
3.710890000000000109e-04
-4.680280000000000204e-03
-7.203969999999999645e-03
-4.131990000000000315e-03
1.762799999999999914e-03
8.495990000000000139e-03
1.242350000000000051e-02
1.284489999999999937e-02
6.482830000000000190e-03
-1.072019999999999917e-03
-9.292579999999999937e-03
-1.475869999999999960e-02
-1.667489999999999944e-02
-1.718329999999999858e-02
-1.849409999999999943e-02
-2.138630000000000045e-02
-1.958419999999999953e-02
-1.352049999999999953e-02
-5.877849999999999568e-03
1.987140000000000087e-03
8.418149999999999245e-03
1.233839999999999937e-02
1.132490000000000059e-02
1.154810000000000038e-02
1.148150000000000039e-02
1.393920000000000055e-02
1.568750000000000006e-02
1.721450000000000063e-02
1.578610000000000083e-02
1.518519999999999939e-02
1.201379999999999983e-02
1.312400000000000025e-02
1.488979999999999991e-02
1.705999999999999878e-02
2.022159999999999930e-02
2.254290000000000113e-02
2.779239999999999836e-02
3.428099999999999897e-02
4.264409999999999729e-02
5.288840000000000208e-02
5.956220000000000264e-02
6.723300000000000110e-02
7.344989999999999852e-02
7.640890000000000182e-02
7.609680000000000610e-02
7.281959999999999822e-02
6.755819999999999881e-02
6.434420000000000417e-02
6.482159999999999311e-02
6.802110000000000101e-02
6.866970000000000018e-02
6.750639999999999419e-02
6.463480000000000614e-02
5.812570000000000237e-02
5.159400000000000097e-02
4.660689999999999972e-02
4.622609999999999914e-02
4.930469999999999992e-02
5.276440000000000297e-02
5.596790000000000098e-02
5.507789999999999908e-02
5.169399999999999690e-02
4.404820000000000263e-02
3.603320000000000134e-02
2.938539999999999902e-02
2.181459999999999996e-02
1.660729999999999845e-02
1.278729999999999971e-02
1.043709999999999950e-02
9.427849999999999772e-03
1.082930000000000004e-02
1.081610000000000037e-02
1.163259999999999988e-02
8.401099999999999887e-03
2.446500000000000107e-04
-1.082879999999999954e-02
-2.035589999999999969e-02
-2.596330000000000165e-02
-2.567590000000000150e-02
-2.245499999999999927e-02
-1.804290000000000060e-02
-1.543800000000000033e-02
-1.573309999999999986e-02
-1.778940000000000035e-02
-1.767869999999999858e-02
-1.789440000000000128e-02
-1.243769999999999945e-02
-4.451229999999999597e-03
1.658399999999999978e-03
3.868519999999999858e-03
-2.280530000000000068e-04
-4.720379999999999715e-03
-9.062650000000000219e-03
-1.464589999999999989e-02
-2.003970000000000057e-02
-2.308949999999999891e-02
-1.952809999999999963e-02
-1.583029999999999854e-02
-9.008310000000000275e-03
-3.826829999999999815e-03
1.933309999999999933e-03
-1.482980000000000062e-03
-1.106840000000000081e-02
-2.420299999999999882e-02
-3.345730000000000232e-02
-3.574719999999999981e-02
-3.526900000000000174e-02
-3.288560000000000094e-02
-3.511589999999999850e-02
-3.893540000000000195e-02
-4.850700000000000151e-02
-5.546179999999999860e-02
-6.100950000000000123e-02
-6.281939999999999746e-02
-6.016339999999999882e-02
-5.293660000000000032e-02
-4.146779999999999911e-02
-3.264600000000000141e-02
-2.541300000000000156e-02
-1.892189999999999844e-02
-1.547650000000000067e-02
-1.335800000000000008e-02
-1.370230000000000059e-02
-1.420719999999999969e-02
-1.718980000000000161e-02
-1.787259999999999890e-02
-1.327509999999999975e-02
-3.287009999999999932e-03
7.897400000000000600e-03
1.571590000000000140e-02
1.937470000000000164e-02
1.894710000000000144e-02
1.655749999999999930e-02
1.353539999999999952e-02
1.276719999999999938e-02
1.037300000000000028e-02
7.820449999999999624e-03
7.558239999999999924e-03
3.560450000000000160e-03
-2.181489999999999929e-06
-5.096609999999999682e-03
-6.184850000000000417e-03
-7.896480000000000860e-03
-1.197759999999999971e-02
-2.070599999999999871e-02
-2.894949999999999954e-02
-3.407330000000000081e-02
-3.685229999999999756e-02
-3.759099999999999941e-02
-3.531879999999999742e-02
-2.864999999999999838e-02
-1.435559999999999961e-02
6.140009999999999782e-04
1.307029999999999997e-02
1.933850000000000152e-02
1.948899999999999938e-02
1.783819999999999850e-02
1.589389999999999900e-02
1.350059999999999975e-02
1.267030000000000066e-02
8.546279999999999849e-03
8.095329999999999540e-03
8.026349999999999804e-03
1.235469999999999971e-02
1.992220000000000102e-02
2.846330000000000041e-02
3.472879999999999717e-02
3.904950000000000088e-02
4.219139999999999696e-02
4.478719999999999923e-02
4.609520000000000284e-02
4.639739999999999837e-02
4.376170000000000060e-02
3.801090000000000024e-02
3.048709999999999962e-02
2.469450000000000117e-02
2.039260000000000031e-02
2.010119999999999962e-02
1.979310000000000097e-02
1.884730000000000086e-02
1.253250000000000024e-02
4.843319999999999917e-03
-7.755179999999999973e-04
-6.730749999999999754e-03
-6.976200000000000109e-03
-7.995850000000000526e-03
-7.508060000000000428e-03
-8.429839999999999209e-03
-1.270499999999999928e-02
-1.579180000000000167e-02
-2.138249999999999873e-02
-2.338869999999999838e-02
-2.280269999999999866e-02
-1.952239999999999878e-02
-1.955799999999999900e-02
-1.957690000000000125e-02
-1.989749999999999852e-02
-1.981259999999999966e-02
-1.886880000000000154e-02
-1.634149999999999839e-02
-1.100710000000000056e-02
-6.902980000000000400e-03
-4.435080000000000099e-03
-3.740240000000000144e-03
-2.026060000000000100e-03
-3.352490000000000071e-03
-6.621039999999999912e-03
-1.111799999999999941e-02
-1.715689999999999923e-02
-2.202780000000000016e-02
-3.007579999999999976e-02
-4.067790000000000294e-02
-5.039529999999999704e-02
-5.718220000000000247e-02
-6.042890000000000067e-02
-6.449080000000000090e-02
-6.798319999999999363e-02
-7.090309999999999668e-02
-7.160489999999999911e-02
-7.041509999999999436e-02
-6.581449999999999800e-02
-6.170980000000000215e-02
-5.818149999999999711e-02
-5.417059999999999931e-02
-4.928010000000000029e-02
-4.660799999999999665e-02
-4.456589999999999857e-02
-4.174049999999999983e-02
-3.478210000000000329e-02
-2.431470000000000159e-02
-9.732219999999999760e-03
4.978070000000000238e-03
1.849119999999999930e-02
2.624299999999999897e-02
3.188239999999999824e-02
3.372619999999999785e-02
3.432820000000000316e-02
3.426450000000000329e-02
3.292409999999999781e-02
3.233339999999999825e-02
2.913260000000000155e-02
2.789760000000000156e-02
2.728620000000000004e-02
2.364540000000000045e-02
1.673089999999999994e-02
9.945759999999999670e-03
2.434650000000000009e-03
-4.724700000000000080e-03
-9.914640000000000605e-03
-1.169450000000000003e-02
-8.773619999999999336e-03
-4.105179999999999940e-03
-1.880379999999999910e-04
2.458080000000000074e-03
5.612250000000000485e-04
-4.446809999999999825e-03
-1.151190000000000026e-02
-1.455719999999999931e-02
-1.548809999999999944e-02
-1.094990000000000026e-02
-5.062559999999999803e-03
1.842050000000000024e-03
7.259380000000000173e-03
9.166969999999999980e-03
8.141950000000000229e-03
3.952820000000000118e-03
3.830169999999999929e-03
7.935499999999999846e-03
1.477449999999999944e-02
2.117029999999999954e-02
2.670149999999999954e-02
2.846620000000000053e-02
2.790820000000000106e-02
2.256029999999999841e-02
1.628869999999999971e-02
1.092770000000000026e-02
9.042450000000000487e-03
9.094480000000000272e-03
8.464549999999999505e-03
8.450640000000000582e-03
5.862390000000000309e-03
2.949760000000000056e-03
-1.468909999999999921e-03
-6.887970000000000204e-03
-7.770209999999999617e-03
-9.825719999999999593e-03
-1.086009999999999927e-02
-1.244289999999999979e-02
-1.583860000000000129e-02
-1.828890000000000030e-02
-1.914429999999999951e-02
-1.284659999999999969e-02
-3.209590000000000012e-03
8.013269999999999421e-03
1.464069999999999955e-02
2.109520000000000145e-02
2.813140000000000085e-02
2.982210000000000069e-02
2.893429999999999960e-02
2.346859999999999918e-02
1.560869999999999966e-02
6.123459999999999841e-03
-7.746280000000000353e-03
-1.915829999999999964e-02
-2.356300000000000061e-02
-2.104510000000000061e-02
-1.830779999999999907e-02
-1.739030000000000090e-02
-1.812750000000000125e-02
-1.560809999999999975e-02
-1.403989999999999926e-02
-1.179200000000000040e-02
-9.569060000000000760e-03
-6.918119999999999825e-03
-4.406339999999999910e-03
-3.283390000000000180e-03
4.304649999999999926e-04
4.658530000000000136e-03
8.601179999999999937e-03
1.122500000000000060e-02
1.284599999999999978e-02
1.369970000000000042e-02
1.307930000000000030e-02
1.270209999999999916e-02
1.090610000000000017e-02
1.002980000000000017e-02
9.946719999999999173e-03
8.620239999999999500e-03
8.444449999999999179e-03
9.217059999999999143e-03
1.242459999999999919e-02
1.542050000000000018e-02
1.770280000000000117e-02
1.481209999999999992e-02
1.108289999999999970e-02
6.356640000000000207e-03
2.445890000000000043e-03
-6.865270000000000357e-04
-1.516109999999999984e-03
1.992550000000000050e-03
5.057790000000000376e-03
1.106840000000000081e-02
1.648590000000000125e-02
2.137580000000000036e-02
2.329370000000000052e-02
2.427549999999999847e-02
2.389540000000000067e-02
2.140960000000000085e-02
1.806850000000000123e-02
1.430629999999999923e-02
1.290320000000000009e-02
1.137960000000000013e-02
1.103419999999999922e-02
9.869279999999999373e-03
9.808799999999999464e-03
8.202350000000000613e-03
4.841980000000000069e-03
-6.174140000000000487e-04
-7.544750000000000241e-03
-1.212489999999999922e-02
-1.871280000000000165e-02
-2.429289999999999922e-02
-2.990620000000000084e-02
-3.402100000000000263e-02
-3.472660000000000330e-02
-3.340320000000000095e-02
-3.032249999999999876e-02
-2.764319999999999972e-02
-2.639210000000000167e-02
-2.432190000000000046e-02
-2.180429999999999868e-02
-1.828029999999999933e-02
-1.299020000000000036e-02
-7.092779999999999918e-03
-9.315200000000000259e-04
5.862169999999999881e-03
1.204530000000000010e-02
1.601680000000000118e-02
2.045790000000000108e-02
2.394390000000000060e-02
2.861930000000000029e-02
3.241399999999999837e-02
3.605169999999999902e-02
3.917579999999999674e-02
4.403470000000000301e-02
5.030199999999999949e-02
5.685559999999999919e-02
6.146170000000000105e-02
6.669920000000000015e-02
6.959590000000000221e-02
7.268489999999999673e-02
7.194390000000000507e-02
7.075470000000000370e-02
6.727769999999999584e-02
6.413040000000000407e-02
6.036029999999999868e-02
6.000019999999999659e-02
6.027040000000000175e-02
6.027450000000000169e-02
5.869069999999999843e-02
5.584480000000000000e-02
5.236709999999999976e-02
4.914280000000000037e-02
4.648460000000000092e-02
4.386860000000000065e-02
3.956749999999999851e-02
3.524540000000000312e-02
2.718539999999999845e-02
1.985460000000000003e-02
1.526029999999999921e-02
1.131109999999999928e-02
5.899739999999999672e-03
1.334110000000000005e-04
-5.461920000000000316e-03
-1.045339999999999984e-02
-1.589629999999999863e-02
-1.917169999999999985e-02
-2.138520000000000004e-02
-2.338909999999999947e-02
-2.556529999999999914e-02
-2.686360000000000137e-02
-2.785380000000000147e-02
-2.943120000000000111e-02
-3.110510000000000011e-02
-3.237260000000000137e-02
-3.347390000000000088e-02
-3.330620000000000108e-02
-3.185489999999999849e-02
-2.949380000000000057e-02
-2.772950000000000068e-02
-2.563620000000000135e-02
-2.326589999999999908e-02
-2.178899999999999934e-02
-2.091770000000000088e-02
-2.160230000000000136e-02
-2.561000000000000082e-02
-3.008179999999999882e-02
-3.238889999999999825e-02
-3.192860000000000142e-02
-2.652420000000000125e-02
-2.131689999999999974e-02
-1.334259999999999960e-02
-8.589150000000000257e-03
-5.771410000000000255e-03
-5.804939999999999753e-03
-7.232249999999999963e-03
-8.927300000000000860e-03
-1.100549999999999966e-02
-1.232929999999999963e-02
-1.327109999999999922e-02
-1.485099999999999962e-02
-1.656890000000000099e-02
-1.879099999999999868e-02
-2.023410000000000139e-02
-2.101130000000000012e-02
-2.042149999999999868e-02
-1.908069999999999905e-02
-1.864779999999999910e-02
-2.005559999999999982e-02
-1.959810000000000024e-02
-1.912290000000000170e-02
-1.761580000000000090e-02
-1.697550000000000101e-02
-1.756279999999999994e-02
-1.786170000000000119e-02
-2.101669999999999927e-02
-2.261389999999999928e-02
-2.382849999999999899e-02
-2.374559999999999865e-02
-2.351960000000000162e-02
-2.168549999999999991e-02
-1.959160000000000068e-02
-1.601239999999999955e-02
-1.304849999999999934e-02
-1.175870000000000040e-02
-1.051140000000000060e-02
-1.065209999999999942e-02
-1.079120000000000079e-02
-1.166769999999999960e-02
-1.253070000000000052e-02
-1.228169999999999956e-02
-1.101659999999999966e-02
-8.518710000000000518e-03
-6.213360000000000237e-03
-1.182230000000000043e-03
5.073970000000000346e-04
1.696390000000000094e-03
2.962370000000000194e-03
5.230420000000000381e-03
1.055560000000000005e-02
1.383640000000000043e-02
1.875080000000000149e-02
2.131140000000000118e-02
2.099869999999999862e-02
2.012370000000000131e-02
1.572940000000000102e-02
1.153700000000000038e-02
5.492450000000000283e-03
-2.734430000000000042e-04
-5.108780000000000265e-03
-8.949820000000000692e-03
-1.152919999999999986e-02
-1.342250000000000040e-02
-1.443490000000000051e-02
-1.489009999999999986e-02
-1.605530000000000151e-02
-1.633889999999999995e-02
-1.880920000000000161e-02
-2.080130000000000173e-02
-2.212880000000000055e-02
-2.523049999999999946e-02
-2.900669999999999984e-02
-3.289929999999999938e-02
-3.608660000000000340e-02
-3.644119999999999998e-02
-3.892459999999999670e-02
-4.015880000000000144e-02
-3.961619999999999725e-02
-3.713709999999999928e-02
-3.351880000000000137e-02
-2.835210000000000161e-02
-2.349470000000000031e-02
-2.046649999999999858e-02
-1.888760000000000092e-02
-1.535770000000000017e-02
-1.051470000000000009e-02
-5.279139999999999874e-03
-1.827789999999999927e-03
-3.556449999999999737e-04
-1.385219999999999941e-03
-4.373440000000000140e-03
-6.744609999999999841e-03
-9.027020000000000183e-03
-1.267159999999999988e-02
-1.371230000000000018e-02
-1.463859999999999988e-02
-1.599980000000000152e-02
-1.690880000000000161e-02
-1.752460000000000129e-02
-1.619289999999999966e-02
-1.447679999999999974e-02
-1.137589999999999955e-02
-7.934889999999999999e-03
-3.379689999999999864e-03
9.750610000000000483e-04
5.457169999999999903e-03
8.938420000000000740e-03
1.104750000000000003e-02
1.350739999999999927e-02
1.317660000000000012e-02
1.238500000000000018e-02
1.070029999999999940e-02
1.080470000000000041e-02
1.140599999999999947e-02
1.433820000000000060e-02
1.653429999999999830e-02
1.881970000000000171e-02
2.122150000000000078e-02
2.240469999999999962e-02
2.627329999999999943e-02
2.869439999999999838e-02
3.067850000000000091e-02
3.167620000000000158e-02
3.106920000000000168e-02
3.181769999999999737e-02
3.118809999999999985e-02
3.129819999999999824e-02
3.101469999999999921e-02
3.104010000000000102e-02
3.057620000000000129e-02
2.854980000000000018e-02
2.698930000000000079e-02
2.596839999999999912e-02
2.447200000000000070e-02
2.428309999999999844e-02
2.379320000000000046e-02
2.423849999999999963e-02
2.452990000000000032e-02
2.462160000000000043e-02
2.411690000000000014e-02
2.414120000000000155e-02
2.260020000000000084e-02
2.000729999999999870e-02
1.630569999999999936e-02
1.414149999999999956e-02
1.052570000000000068e-02
6.158450000000000209e-03
1.546440000000000054e-03
-1.466800000000000092e-03
-1.713880000000000091e-03
-1.631529999999999959e-03
4.267380000000000305e-03
8.524699999999999639e-03
1.290559999999999971e-02
1.450270000000000031e-02
1.425829999999999979e-02
1.289320000000000049e-02
1.116669999999999989e-02
9.978819999999999357e-03
7.765450000000000130e-03
5.763100000000000167e-03
1.456720000000000107e-03
-4.270590000000000323e-03
-8.646730000000000041e-03
-1.290419999999999935e-02
-1.475130000000000018e-02
-1.571739999999999943e-02
-1.478800000000000080e-02
-1.404129999999999961e-02
-1.200230000000000047e-02
-1.163840000000000013e-02
-1.103179999999999959e-02
-9.596729999999999497e-03
-8.167489999999999473e-03
-4.862189999999999741e-03
-5.851389999999999716e-03
-4.981730000000000186e-03
-5.547200000000000394e-03
-6.074310000000000299e-03
-7.890799999999999897e-03
-1.083330000000000057e-02
-1.229850000000000040e-02
-1.402139999999999984e-02
-1.501569999999999988e-02
-1.513710000000000055e-02
-1.371679999999999948e-02
-1.161330000000000001e-02
-8.594839999999999425e-03
-5.896519999999999713e-03
-4.173589999999999592e-03
-2.864170000000000084e-03
-2.144909999999999872e-03
6.704639999999999558e-04
1.697509999999999948e-03
7.394340000000000114e-03
1.134049999999999989e-02
1.535360000000000023e-02
1.673480000000000106e-02
1.642650000000000013e-02
1.642050000000000107e-02
1.572520000000000168e-02
1.468180000000000006e-02
1.488839999999999955e-02
1.479650000000000062e-02
1.462029999999999927e-02
1.410199999999999995e-02
1.441440000000000082e-02
1.324200000000000030e-02
1.276180000000000023e-02
1.198019999999999988e-02
1.261619999999999929e-02
1.221779999999999915e-02
1.232639999999999951e-02
1.103460000000000031e-02
1.000810000000000068e-02
1.008129999999999964e-02
9.319849999999999315e-03
7.870610000000000106e-03
5.832079999999999903e-03
5.744420000000000082e-03
5.491939999999999843e-03
5.623340000000000109e-03
5.524939999999999886e-03
7.136589999999999948e-03
7.973400000000000279e-03
8.196500000000000660e-03
8.932729999999999837e-03
1.083439999999999924e-02
1.289159999999999959e-02
1.539650000000000046e-02
1.560620000000000063e-02
1.712520000000000014e-02
1.675600000000000006e-02
1.739109999999999961e-02
1.661090000000000136e-02
1.567500000000000143e-02
1.255930000000000067e-02
9.698359999999999620e-03
5.300290000000000036e-03
2.211900000000000151e-03
-8.424809999999999591e-04
-3.154580000000000144e-03
-4.845030000000000170e-03
-8.163600000000000023e-03
-7.926890000000000672e-03
-9.992839999999999362e-03
-1.001830000000000082e-02
-9.726890000000000189e-03
-8.988309999999999356e-03
-6.152590000000000316e-03
-6.628130000000000306e-03
-5.334900000000000059e-03
-3.429929999999999871e-03
-8.872640000000000214e-04
-1.870359999999999894e-04
-6.933360000000000174e-04
-1.677569999999999973e-03
-4.633309999999999859e-03
-7.118140000000000231e-03
-1.091229999999999978e-02
-1.362099999999999943e-02
-1.472840000000000087e-02
-1.619740000000000069e-02
-1.669970000000000135e-02
-1.678510000000000071e-02
-1.802530000000000104e-02
-1.920530000000000154e-02
-1.995040000000000008e-02
-2.280539999999999998e-02
-2.275939999999999908e-02
-2.325040000000000093e-02
-2.418630000000000085e-02
-2.294850000000000015e-02
-2.070150000000000115e-02
-1.634359999999999979e-02
-1.415049999999999988e-02
-1.176280000000000034e-02
-1.121779999999999999e-02
-9.338620000000000601e-03
-8.761539999999999953e-03
-4.662470000000000156e-03
-3.117120000000000134e-04
5.003080000000000027e-03
8.165260000000000573e-03
1.031690000000000038e-02
1.049130000000000028e-02
7.563460000000000148e-03
5.073839999999999600e-03
4.121300000000000267e-04
-2.899389999999999953e-03
-5.224580000000000370e-03
-5.891020000000000284e-03
-6.725179999999999873e-03
-8.874699999999999256e-03
-8.511770000000000100e-03
-9.555610000000000839e-03
-1.117399999999999990e-02
-1.226479999999999931e-02
-1.382899999999999928e-02
-1.316709999999999929e-02
-1.423029999999999955e-02
-1.435909999999999964e-02
-1.439619999999999962e-02
-1.278329999999999918e-02
-1.176119999999999943e-02
-1.173869999999999948e-02
-1.189810000000000000e-02
-1.181860000000000029e-02
-1.188879999999999972e-02
-1.361889999999999976e-02
-1.443849999999999995e-02
-1.697950000000000154e-02
-1.720669999999999839e-02
-1.838220000000000132e-02
-1.957060000000000050e-02
-2.015619999999999912e-02
-1.865299999999999944e-02
-1.706020000000000106e-02
-1.727619999999999850e-02
-1.480880000000000044e-02
-1.486649999999999951e-02
-1.445250000000000007e-02
-1.266369999999999996e-02
-9.795689999999999259e-03
-4.410749999999999740e-03
-8.598839999999999956e-04
1.826809999999999892e-03
4.301479999999999887e-03
4.473730000000000415e-03
5.829230000000000349e-03
7.060470000000000114e-03
6.880169999999999689e-03
6.548469999999999812e-03
4.191119999999999568e-03
2.820780000000000162e-03
1.685660000000000066e-03
1.502499999999999929e-03
1.217049999999999903e-03
2.049860000000000137e-03
2.218219999999999914e-03
3.423789999999999906e-03
1.898509999999999955e-03
1.120139999999999938e-03
-2.402370000000000026e-03
-1.599390000000000013e-03
-9.428499999999999598e-04
-1.758560000000000049e-04
1.792570000000000057e-03
8.858969999999999649e-04
1.636459999999999955e-03
-1.466609999999999919e-03
-8.342850000000000396e-04
7.801439999999999764e-04
1.490409999999999955e-03
1.378730000000000103e-03
1.448730000000000070e-03
1.478130000000000025e-03
1.074719999999999929e-03
7.077089999999999694e-06
-1.348019999999999904e-03
-1.269249999999999979e-03
-4.408279999999999881e-04
1.370619999999999911e-03
2.445880000000000103e-03
4.637549999999999832e-03
7.779509999999999897e-03
1.004120000000000013e-02
1.249570000000000021e-02
1.319219999999999941e-02
1.523769999999999986e-02
1.427950000000000053e-02
1.298149999999999998e-02
1.217219999999999934e-02
1.212049999999999933e-02
1.214480000000000073e-02
1.217090000000000012e-02
1.181459999999999975e-02
1.183050000000000074e-02
1.197939999999999942e-02
1.196099999999999941e-02
1.199219999999999973e-02
1.178189999999999966e-02
1.195249999999999958e-02
1.184559999999999953e-02
1.341649999999999961e-02
1.458880000000000073e-02
1.445609999999999951e-02
1.406920000000000046e-02
1.257660000000000028e-02
1.182809999999999938e-02
1.028519999999999955e-02
9.285220000000000279e-03
9.317749999999999644e-03
9.605409999999999990e-03
1.205540000000000084e-02
1.147469999999999914e-02
1.158709999999999948e-02
1.159720000000000022e-02
1.049480000000000031e-02
1.137580000000000015e-02
8.073830000000000590e-03
6.222899999999999959e-03
3.867919999999999952e-03
1.686549999999999985e-03
-2.600990000000000181e-04
-2.621220000000000060e-03
-4.904760000000000196e-03
-7.287870000000000112e-03
-1.024060000000000074e-02
-1.316220000000000064e-02
-1.274379999999999957e-02
-1.290559999999999971e-02
-1.243020000000000062e-02
-9.670329999999999551e-03
-6.383540000000000048e-03
-3.463869999999999970e-03
-1.912569999999999939e-03
-1.931269999999999905e-03
-2.998269999999999928e-03
-2.935559999999999819e-03
-4.759900000000000068e-03
-2.665069999999999852e-03
-2.007860000000000200e-03
6.392690000000000351e-04
2.823280000000000060e-03
2.824829999999999963e-03
5.367379999999999721e-03
5.560999999999999971e-03
6.762060000000000293e-03
5.457219999999999606e-03
5.855039999999999724e-03
4.695829999999999796e-03
3.296669999999999809e-03
3.465849999999999920e-03
3.655470000000000073e-03
6.473600000000000361e-03
7.969359999999999986e-03
9.434379999999999156e-03
1.010909999999999934e-02
1.170120000000000014e-02
1.012949999999999962e-02
9.848259999999999306e-03
9.395239999999999148e-03
9.369390000000000010e-03
1.170000000000000033e-02
1.202980000000000022e-02
1.481460000000000068e-02
1.514509999999999988e-02
1.771040000000000114e-02
1.784329999999999944e-02
1.722879999999999898e-02
1.428319999999999937e-02
1.098060000000000008e-02
6.896219999999999781e-03
3.378630000000000088e-03
-8.729229999999999498e-04
-4.357370000000000167e-03
-6.955839999999999593e-03
-6.854179999999999648e-03
-4.803339999999999693e-03
-2.178690000000000054e-03
-2.603770000000000043e-04
1.684649999999999993e-03
3.210100000000000019e-03
3.630860000000000077e-03
1.316469999999999923e-03
-7.047800000000000115e-04
-3.436359999999999849e-03
-6.647580000000000156e-03
-3.376039999999999857e-03
-4.011849999999999965e-03
-1.012209999999999933e-03
-7.099540000000000538e-04
1.935749999999999971e-03
1.687450000000000061e-03
1.521240000000000092e-03
1.580320000000000075e-03
1.425880000000000029e-03
1.695880000000000033e-04
3.822030000000000132e-04
-1.394040000000000036e-03
-1.002070000000000087e-03
-1.111659999999999992e-03
-1.208139999999999908e-03
-1.357630000000000078e-03
-1.168210000000000038e-03
-1.305720000000000014e-03
-1.244300000000000050e-03
3.287219999999999877e-04
1.609610000000000034e-03
1.582939999999999911e-03
2.690300000000000070e-03
4.658139999999999850e-03
2.134759999999999869e-03
4.838140000000000322e-03
4.237300000000000268e-03
5.029729999999999618e-03
7.039059999999999762e-03
8.084120000000000195e-03
1.032489999999999970e-02
9.873260000000000022e-03
1.002929999999999967e-02
1.120349999999999992e-02
1.105459999999999950e-02
1.156860000000000006e-02
1.095460000000000010e-02
1.012320000000000060e-02
1.019699999999999947e-02
7.603460000000000253e-03
4.388740000000000349e-03
3.345029999999999922e-04
-2.597980000000000168e-03
-5.155569999999999944e-03
-6.685240000000000279e-03
-9.154400000000000037e-03
-9.122520000000000281e-03
-1.213999999999999975e-02
-1.272189999999999953e-02
-1.773370000000000155e-02
-1.694170000000000051e-02
-1.982760000000000078e-02
-1.999249999999999985e-02
-2.029869999999999938e-02
-1.841749999999999984e-02
-1.486900000000000027e-02
-1.484330000000000024e-02
-1.229169999999999915e-02
-1.213799999999999948e-02
-1.187449999999999964e-02
-1.203040000000000012e-02
-1.201879999999999962e-02
-1.053920000000000030e-02
-9.202069999999999694e-03
-9.122430000000000816e-03
-9.143500000000000585e-03
-9.936220000000000815e-03
-1.219049999999999995e-02
-1.418739999999999932e-02
-1.558290000000000022e-02
-1.788290000000000018e-02
-1.750039999999999929e-02
-1.754790000000000169e-02
-1.769060000000000077e-02
-1.624470000000000081e-02
-1.259449999999999979e-02
-1.195910000000000029e-02
-9.483210000000000597e-03
-1.011470000000000077e-02
-9.993600000000000053e-03
-9.968249999999999680e-03
-1.022990000000000010e-02
-1.010400000000000013e-02
-1.022720000000000053e-02
-1.016650000000000019e-02
-1.039580000000000018e-02
-1.022810000000000039e-02
-8.641100000000000517e-03
-7.516509999999999685e-03
-7.189619999999999865e-03
-4.577150000000000316e-03
-2.339330000000000142e-03
2.460150000000000069e-06
6.248309999999999542e-04
2.311020000000000001e-03
2.087120000000000034e-04
-2.046239999999999951e-03
-5.823290000000000063e-03
-1.061929999999999992e-02
-1.517740000000000061e-02
-1.548259999999999914e-02
-1.782730000000000078e-02
-1.833040000000000017e-02
-1.813820000000000016e-02
-1.520859999999999920e-02
-1.596989999999999868e-02
-1.554649999999999956e-02
-1.424369999999999976e-02
-1.283079999999999984e-02
-1.309629999999999996e-02
-1.230099999999999943e-02
-9.899919999999999554e-03
-1.063240000000000018e-02
-1.007919999999999996e-02
-9.025369999999999573e-03
-1.056039999999999930e-02
-1.119850000000000012e-02
-1.373160000000000006e-02
-1.522190000000000001e-02
-1.657689999999999858e-02
-1.662929999999999964e-02
-1.629179999999999864e-02
-1.664890000000000120e-02
-1.699830000000000091e-02
-1.654020000000000143e-02
-1.565710000000000018e-02
-1.295160000000000061e-02
-9.730849999999999222e-03
-5.880400000000000037e-03
-6.017499999999999629e-04
3.527730000000000189e-03
6.694689999999999669e-03
9.275820000000000592e-03
1.107640000000000013e-02
1.158990000000000020e-02
1.153880000000000010e-02
1.151149999999999916e-02
1.298979999999999926e-02
1.470669999999999963e-02
1.440400000000000014e-02
1.631109999999999852e-02
1.717890000000000042e-02
1.914860000000000173e-02
2.030329999999999982e-02
2.014209999999999959e-02
2.005260000000000029e-02
1.865599999999999897e-02
1.898100000000000134e-02
1.817399999999999918e-02
1.524539999999999923e-02
1.764210000000000084e-02
1.732030000000000028e-02
1.754539999999999919e-02
1.756610000000000116e-02
1.750329999999999941e-02
1.959119999999999959e-02
1.978509999999999991e-02
1.994049999999999989e-02
2.054200000000000123e-02
2.296919999999999865e-02
2.462570000000000037e-02
2.546150000000000149e-02
2.554230000000000042e-02
2.555740000000000095e-02
2.566929999999999906e-02
2.559559999999999960e-02
2.442360000000000017e-02
2.319320000000000062e-02
2.257150000000000128e-02
2.001510000000000095e-02
2.057739999999999916e-02
1.945010000000000142e-02
1.813419999999999963e-02
1.785940000000000097e-02
1.486190000000000080e-02
1.323009999999999985e-02
1.217030000000000022e-02
1.224560000000000058e-02
1.263109999999999927e-02
1.273490000000000039e-02
1.546289999999999991e-02
1.520370000000000055e-02
1.549110000000000070e-02
1.536999999999999998e-02
1.553080000000000085e-02
1.491679999999999916e-02
1.260479999999999934e-02
1.303690000000000057e-02
1.302440000000000021e-02
1.116230000000000000e-02
1.063320000000000064e-02
1.039780000000000044e-02
7.849570000000000158e-03
8.031049999999999647e-03
7.906800000000000286e-03
7.216140000000000228e-03
4.714639999999999977e-03
5.250030000000000148e-03
3.134969999999999944e-03
5.352240000000000513e-04
3.863749999999999726e-05
-6.441640000000000213e-04
-3.226970000000000012e-03
-2.947969999999999844e-03
-3.215079999999999934e-03
-3.173839999999999821e-03
-5.942669999999999723e-03
-5.655839999999999652e-03
-8.050160000000000649e-03
-8.459790000000000018e-03
-8.684030000000000568e-03
-8.741290000000000518e-03
-1.076659999999999943e-02
-1.053100000000000043e-02
-1.120630000000000064e-02
-1.120909999999999962e-02
-1.131519999999999922e-02
-1.124640000000000015e-02
-1.117650000000000067e-02
-1.116329999999999927e-02
-1.109970000000000054e-02
-1.325980000000000041e-02
-1.329690000000000039e-02
-1.351160000000000035e-02
-1.611949999999999841e-02
-1.577220000000000011e-02
-1.595080000000000109e-02
-1.564710000000000059e-02
-1.559770000000000080e-02
-1.572470000000000118e-02
-1.699880000000000141e-02
-1.648559999999999956e-02
-1.806440000000000129e-02
-1.524239999999999970e-02
-1.543970000000000065e-02
-1.216560000000000037e-02
-1.177809999999999968e-02
-9.257819999999999938e-03
-7.995530000000000692e-03
-6.633530000000000329e-03
-4.568479999999999763e-03
-3.988249999999999608e-03
-3.059940000000000142e-03
-8.834949999999999835e-04
1.967049999999999869e-07
1.879999999999999944e-03
1.767169999999999982e-03
3.848900000000000151e-03
4.806849999999999665e-03
3.927860000000000032e-03
4.933800000000000338e-03
4.557760000000000110e-03
2.494029999999999945e-03
2.227339999999999962e-03
3.608069999999999897e-04
-7.437340000000000183e-04
-3.483990000000000177e-03
-6.057019999999999765e-03
-5.888049999999999708e-03
-8.611630000000000326e-03
-8.628459999999999255e-03
-8.804410000000000361e-03
-8.731509999999999619e-03
-8.930890000000000356e-03
-9.590210000000000054e-03
-1.018840000000000023e-02
-8.771340000000000733e-03
-9.472589999999999483e-03
-8.894449999999999926e-03
-8.965280000000000818e-03
-7.119440000000000317e-03
-6.274489999999999755e-03
-4.707770000000000010e-03
-3.501039999999999968e-03
-3.622760000000000043e-03
-3.416559999999999910e-03
-2.162779999999999998e-03
-2.512959999999999847e-03
-2.940170000000000197e-03
-3.752450000000000056e-03
-3.447340000000000126e-03
-3.505550000000000072e-03
-4.339919999999999715e-03
-3.805349999999999878e-03
-3.570960000000000193e-03
-3.606849999999999987e-03
-3.576049999999999889e-03
-3.435609999999999966e-03
-3.481460000000000023e-03
-4.560670000000000175e-03
-6.018400000000000138e-03
-6.207579999999999869e-03
-9.032379999999999576e-03
-8.547680000000000208e-03
-8.862890000000000004e-03
-8.613769999999999760e-03
-8.557969999999999813e-03
-7.401940000000000082e-03
-5.739600000000000084e-03
-5.591010000000000424e-03
-2.752010000000000046e-03
-1.003600000000000108e-03
1.650489999999999846e-05
2.734780000000000023e-03
3.241889999999999876e-03
5.459929999999999992e-03
5.201240000000000203e-03
3.259689999999999983e-03
2.535620000000000148e-03
3.634439999999999850e-04
-1.275949999999999871e-04
-2.597179999999999823e-04
-6.193239999999999813e-04
-1.201439999999999935e-04
-2.640380000000000222e-04
-3.017170000000000117e-04
-1.663299999999999881e-04
-2.789940000000000193e-04
-2.883820000000000047e-03
-3.113449999999999811e-03
-3.466579999999999922e-03
-6.052850000000000244e-03
-5.737299999999999865e-03
-6.223229999999999734e-03
-8.463190000000000643e-03
-5.399969999999999597e-03
-6.206960000000000081e-03
-4.026889999999999983e-03
-3.401939999999999999e-03
-1.145930000000000082e-03
5.481960000000000348e-04
2.310860000000000084e-03
2.001810000000000134e-03
3.729969999999999987e-03
4.398430000000000048e-03
2.989009999999999844e-03
1.941910000000000034e-03
2.040989999999999905e-03
1.668439999999999984e-03
-5.501629999999999975e-04
-5.642680000000000395e-04
-1.634990000000000011e-03
-3.590470000000000120e-03
-3.381900000000000184e-03
-5.051769999999999698e-03
-3.936519999999999776e-03
-3.542780000000000148e-03
-3.451450000000000004e-03
-3.540090000000000077e-03
-3.255880000000000059e-03
-7.709690000000000380e-04
-1.171230000000000101e-03
-5.907510000000000365e-04
-6.709290000000000132e-04
-6.089070000000000029e-04
1.624730000000000011e-04
-7.345739999999999909e-04
1.666050000000000083e-03
1.742650000000000102e-03
3.341049999999999923e-03
4.282779999999999920e-03
4.690139999999999761e-03
6.438519999999999660e-03
7.091029999999999903e-03
8.095700000000000812e-03
9.493530000000000024e-03
1.074759999999999951e-02
1.299619999999999942e-02
1.360360000000000041e-02
1.566299999999999984e-02
1.667909999999999879e-02
1.804669999999999885e-02
1.781160000000000035e-02
1.946010000000000101e-02
1.841620000000000063e-02
2.089620000000000019e-02
2.147409999999999944e-02
2.239680000000000143e-02
2.346559999999999965e-02
2.457490000000000022e-02
2.609269999999999992e-02
2.612789999999999904e-02
2.484329999999999872e-02
2.398480000000000056e-02
2.289089999999999875e-02
2.064440000000000025e-02
1.838149999999999853e-02
1.493249999999999959e-02
1.289440000000000031e-02
9.895910000000000817e-03
7.297200000000000214e-03
5.806010000000000337e-03
4.451140000000000131e-03
4.539320000000000334e-03
4.513630000000000246e-03
4.493610000000000312e-03
3.706520000000000040e-03
2.785210000000000203e-03
1.692209999999999982e-03
1.232889999999999941e-03
2.822559999999999999e-03
3.345250000000000133e-03
4.810720000000000100e-03
4.652980000000000137e-03
6.485460000000000183e-03
7.555899999999999943e-03
6.344869999999999850e-03
5.987219999999999695e-03
6.004019999999999670e-03
6.161729999999999811e-03
6.737560000000000077e-03
7.418980000000000366e-03
7.231780000000000153e-03
7.307600000000000033e-03
5.765339999999999875e-03
4.646499999999999589e-03
4.396490000000000294e-03
2.571980000000000186e-03
1.943049999999999986e-03
1.972250000000000045e-03
1.092089999999999988e-03
-1.062449999999999940e-03
-2.304449999999999988e-03
-3.855990000000000112e-03
-6.322430000000000411e-03
-5.847699999999999947e-03
-6.098349999999999778e-03
-6.065959999999999581e-03
-6.125140000000000272e-03
-5.010080000000000089e-03
-3.470360000000000025e-03
-3.944679999999999888e-03
-3.406119999999999894e-03
-3.699459999999999901e-03
-3.685930000000000022e-03
-3.578490000000000143e-03
-3.099980000000000010e-03
-3.242309999999999984e-03
-3.567690000000000097e-03
-3.508869999999999871e-03
-3.380100000000000032e-03
-3.490940000000000102e-03
-3.676790000000000093e-03
-3.517789999999999806e-03
-3.644999999999999803e-03
-3.535280000000000020e-03
-3.280959999999999866e-03
-1.677660000000000089e-03
-8.907809999999999947e-04
-4.730420000000000154e-04
2.310360000000000018e-03
1.853409999999999997e-03
2.125750000000000035e-03
1.187920000000000078e-03
7.170670000000000516e-04
1.280890000000000023e-03
-4.779820000000000054e-04
-4.974649999999999949e-04
-6.700529999999999898e-04
-5.662189999999999671e-04
-6.116420000000000233e-04
-5.188670000000000044e-04
-2.375599999999999956e-04
7.489079999999999522e-04
-5.112670000000000365e-04
-5.781900000000000190e-04
-3.142100000000000101e-03
-5.031390000000000168e-03
-7.487650000000000208e-03
-9.511050000000000060e-03
-1.167709999999999929e-02
-1.147339999999999992e-02
-1.406929999999999986e-02
-1.435840000000000033e-02
-1.712510000000000074e-02
-1.645980000000000013e-02
-1.671790000000000082e-02
-1.743019999999999986e-02
-1.816080000000000125e-02
-1.968359999999999901e-02
-1.827379999999999977e-02
-1.980269999999999947e-02
-1.939739999999999867e-02
-1.910709999999999839e-02
-1.796690000000000093e-02
-1.736510000000000137e-02
-1.677419999999999953e-02
-1.593910000000000118e-02
-1.400159999999999946e-02
-1.353369999999999920e-02
-1.147809999999999976e-02
-1.142840000000000002e-02
-8.894060000000000507e-03
-8.932159999999999753e-03
-6.951889999999999632e-03
-6.208980000000000228e-03
-3.909850000000000304e-03
-3.847290000000000171e-03
-2.742300000000000033e-03
-4.287700000000000192e-03
-1.954439999999999997e-03
-3.115000000000000147e-03
-2.972569999999999900e-03
-3.066349999999999805e-03
-2.710680000000000034e-03
-2.060960000000000136e-03
-3.419610000000000011e-03
-3.576049999999999889e-03
-2.566629999999999866e-03
-2.570489999999999928e-03
-2.517609999999999987e-03
-2.691659999999999799e-03
-2.887129999999999905e-03
-3.703999999999999827e-03
-5.659639999999999636e-03
-5.793580000000000431e-03
-5.922179999999999979e-03
-6.152689999999999722e-03
-4.530460000000000043e-03
-3.477950000000000052e-03
-3.424120000000000115e-03
-1.436870000000000031e-03
-7.219900000000000449e-04
-6.834500000000000514e-04
4.188840000000000098e-04
2.056629999999999830e-03
2.931329999999999786e-03
3.340849999999999809e-03
3.351740000000000188e-03
3.394240000000000191e-03
4.392619999999999858e-03
1.671820000000000077e-03
2.198879999999999845e-03
1.258549999999999990e-03
-7.098920000000000534e-04
-8.788080000000000197e-04
-8.806040000000000005e-04
-7.754230000000000194e-04
-5.832520000000000326e-04
8.706669999999999904e-04
1.895420000000000091e-03
1.766650000000000035e-03
1.962760000000000025e-03
1.932190000000000079e-03
1.887650000000000048e-03
1.942380000000000061e-03
1.900879999999999974e-03
1.817559999999999966e-03
8.531009999999999895e-04
-8.231489999999999348e-05
2.510270000000000210e-03
4.307690000000000304e-03
4.395310000000000362e-03
5.691189999999999617e-03
7.240159999999999825e-03
8.850310000000000121e-03
9.094090000000000854e-03
9.259830000000000144e-03
9.883110000000000506e-03
9.823780000000000706e-03
9.885939999999999311e-03
9.835250000000000242e-03
7.792290000000000327e-03
6.856830000000000390e-03
4.637190000000000235e-03
4.437619999999999759e-03
2.868129999999999985e-03
1.755969999999999927e-03
1.558279999999999995e-03
-8.940280000000000536e-04
-7.578770000000000081e-04
-9.731190000000000456e-04
-1.047519999999999918e-03
-1.007429999999999914e-03
-1.904520000000000041e-03
4.015409999999999965e-04
1.725600000000000094e-03
1.615820000000000017e-03
1.783920000000000037e-03
2.958249999999999942e-03
4.239370000000000117e-03
4.254140000000000005e-03
3.897799999999999876e-03
4.457240000000000334e-03
4.267589999999999925e-03
4.403549999999999999e-03
4.473490000000000105e-03
4.372820000000000353e-03
4.485949999999999833e-03
4.474389999999999964e-03
4.436919999999999580e-03
3.689839999999999787e-03
1.747770000000000053e-03
1.838889999999999926e-03
2.789900000000000106e-04
-1.005529999999999922e-03
-9.102230000000000433e-04
-9.765950000000000238e-04
-9.096370000000000323e-04
-2.529079999999999957e-03
-1.414160000000000026e-03
-4.973869999999999594e-04
2.008579999999999827e-03
1.519930000000000066e-03
2.973749999999999831e-03
4.216329999999999904e-03
4.482309999999999767e-03
4.507950000000000151e-03
3.440540000000000178e-03
2.255860000000000157e-03
1.563329999999999928e-03
1.566630000000000062e-03
1.630689999999999961e-03
1.549260000000000003e-03
5.592140000000000435e-04
2.667500000000000058e-04
-4.468410000000000134e-05
6.566669999999999929e-04
1.933140000000000075e-03
2.636990000000000080e-03
4.652489999999999577e-03
6.901240000000000326e-03
8.242930000000000743e-03
1.025859999999999966e-02
1.035119999999999964e-02
1.310189999999999966e-02
1.396739999999999961e-02
1.553240000000000003e-02
1.545539999999999935e-02
1.554619999999999960e-02
1.664020000000000082e-02
1.506249999999999950e-02
1.552830000000000009e-02
1.536730000000000040e-02
1.421599999999999947e-02
1.248420000000000085e-02
1.277269999999999968e-02
1.169530000000000049e-02
1.032369999999999989e-02
9.877449999999999425e-03
9.989720000000000544e-03
9.917389999999999886e-03
1.001789999999999972e-02
1.002439999999999928e-02
1.008509999999999962e-02
1.000769999999999958e-02
9.994829999999999687e-03
1.002349999999999942e-02
9.725789999999999783e-03
9.488140000000000809e-03
1.004159999999999948e-02
7.972850000000000076e-03
7.173780000000000261e-03
5.139829999999999746e-03
4.508869999999999892e-03
4.155090000000000172e-03
1.480009999999999919e-03
2.010230000000000003e-03
1.637879999999999978e-03
-1.208590000000000028e-04
-9.583540000000000201e-04
-1.162810000000000015e-03
-3.577040000000000081e-03
-3.778150000000000085e-03
-6.645390000000000151e-03
-6.067740000000000286e-03
-6.907240000000000255e-03
-8.300560000000000230e-03
-9.043590000000000656e-03
-8.930719999999999631e-03
-8.922340000000000826e-03
-8.791000000000000203e-03
-8.795139999999999902e-03
-9.231349999999999278e-03
-1.186309999999999969e-02
-1.011409999999999913e-02
-1.183400000000000077e-02
-1.147929999999999957e-02
-1.159510000000000055e-02
-1.153209999999999999e-02
-9.885140000000000593e-03
-1.166479999999999947e-02
-1.132750000000000076e-02
-1.164789999999999923e-02
-1.155519999999999985e-02
-1.147210000000000070e-02
-1.151289999999999952e-02
-1.161240000000000015e-02
-1.142289999999999972e-02
-1.151040000000000049e-02
-1.025990000000000062e-02
-8.693869999999999376e-03
-8.888850000000000223e-03
-7.101849999999999830e-03
-6.084879999999999976e-03
-6.159409999999999712e-03
-7.561730000000000014e-03
-8.224560000000000551e-03
-9.042379999999999168e-03
-1.034359999999999967e-02
-8.547390000000000196e-03
-9.378310000000000812e-03
-9.444080000000000530e-03
-1.177519999999999956e-02
-1.140900000000000074e-02
-1.124999999999999958e-02
-1.189190000000000039e-02
-1.383050000000000078e-02
-1.430099999999999948e-02
-1.439690000000000067e-02
-1.433010000000000013e-02
-1.477619999999999975e-02
-1.456350000000000006e-02
-1.444439999999999960e-02
-1.434470000000000016e-02
-1.435319999999999999e-02
-1.427600000000000049e-02
-1.439700000000000008e-02
-1.371170000000000028e-02
-1.215680000000000059e-02
-1.161689999999999945e-02
-1.081260000000000034e-02
-8.703320000000000500e-03
-8.978389999999999288e-03
-8.830509999999999748e-03
-6.180650000000000206e-03
-6.266210000000000356e-03
-3.823299999999999962e-03
-3.354549999999999980e-03
-9.824099999999999673e-04
-7.570849999999999520e-05
-8.965419999999999553e-04
-7.203659999999999534e-04
-8.109239999999999764e-04
-7.385090000000000404e-04
-9.034600000000000269e-04
-9.614899999999999575e-04
-1.178430000000000059e-03
-2.209730000000000028e-03
-1.900640000000000098e-03
-1.214760000000000058e-03
-8.694759999999999945e-04
-1.035099999999999952e-03
1.825639999999999902e-03
1.577849999999999999e-03
4.041109999999999668e-03
4.528670000000000265e-03
4.533660000000000120e-03
4.474780000000000250e-03
1.950710000000000031e-03
4.130580000000000016e-03
1.594319999999999982e-03
1.888740000000000080e-03
1.588030000000000041e-03
1.654529999999999976e-03
2.623390000000000184e-03
1.556960000000000028e-03
1.867790000000000032e-03
2.711990000000000060e-03
4.489280000000000007e-03
4.158440000000000226e-03
4.455019999999999640e-03
6.684670000000000195e-03
6.966870000000000007e-03
6.942270000000000385e-03
7.901240000000000346e-03
9.012479999999999797e-03
9.652890000000000775e-03
9.623609999999999456e-03
9.775660000000000252e-03
9.545659999999999215e-03
9.594329999999999872e-03
9.590370000000000839e-03
9.572189999999999518e-03
9.691599999999999868e-03
1.235999999999999946e-02
1.208620000000000007e-02
1.321699999999999958e-02
1.467509999999999995e-02
1.500759999999999941e-02
1.506399999999999927e-02
1.461390000000000085e-02
1.472500000000000024e-02
1.469419999999999928e-02
1.466690000000000008e-02
1.514839999999999937e-02
1.510760000000000054e-02
1.464009999999999964e-02
1.410110000000000009e-02
1.345460000000000059e-02
1.234039999999999963e-02
1.256529999999999973e-02
1.228659999999999995e-02
1.286260000000000008e-02
1.230299999999999970e-02
1.246019999999999940e-02
1.113150000000000077e-02
9.480239999999999154e-03
9.247049999999999714e-03
6.446440000000000330e-03
7.109840000000000083e-03
6.807719999999999744e-03
6.653540000000000322e-03
4.231069999999999970e-03
4.301949999999999698e-03
5.812789999999999971e-03
3.844409999999999928e-03
3.972749999999999719e-03
1.846519999999999932e-03
1.743790000000000054e-03
1.645729999999999979e-03
-3.338710000000000159e-04
-1.133200000000000006e-03
-1.073170000000000027e-03
-1.782909999999999964e-03
-3.364460000000000107e-03
-3.555290000000000013e-03
-3.714700000000000033e-03
-4.273970000000000199e-03
-6.235909999999999891e-03
-6.456370000000000338e-03
-7.264969999999999935e-03
-9.539749999999999619e-03
-1.023939999999999920e-02
-1.223690000000000021e-02
-1.192589999999999970e-02
-1.292090000000000079e-02
-1.176250000000000039e-02
-1.212869999999999920e-02
-1.161940000000000021e-02
-9.299240000000000284e-03
-1.052660000000000054e-02
-1.212500000000000036e-02
-1.188849999999999976e-02
-1.200430000000000073e-02
-1.197649999999999930e-02
-1.197870000000000011e-02
-1.076120000000000028e-02
-9.640169999999999989e-03
-9.468239999999999296e-03
-9.451960000000000570e-03
-9.492109999999999784e-03
-9.473749999999999533e-03
-9.475420000000000023e-03
-9.375019999999999534e-03
-9.157969999999999652e-03
-7.550489999999999979e-03
-6.446259999999999664e-03
-6.635529999999999727e-03
-7.634639999999999829e-03
-5.813910000000000258e-03
-4.260749999999999781e-03
-3.823200000000000123e-03
-2.844970000000000051e-03
-9.936019999999998967e-04
1.294510000000000018e-03
7.574030000000000259e-04
1.964759999999999857e-03
1.567770000000000014e-03
1.718219999999999904e-03
2.397339999999999974e-03
3.225290000000000015e-03
4.179249999999999805e-03
4.174810000000000153e-03
4.319410000000000090e-03
4.364599999999999730e-03
4.548789999999999605e-03
4.603010000000000261e-03
4.136080000000000312e-03
3.383119999999999877e-03
2.472059999999999882e-03
2.342750000000000214e-03
1.450319999999999897e-04
-2.010550000000000054e-04
-2.127099999999999824e-03
-1.612149999999999911e-03
-1.594490000000000057e-03
-2.388589999999999897e-03
-1.340840000000000044e-03
-1.649019999999999956e-03
-8.436920000000000530e-04
-1.566909999999999917e-03
-8.578670000000000045e-04
5.625919999999999966e-04
1.018089999999999924e-03
9.647809999999999503e-04
8.169129999999999491e-04
1.163570000000000056e-03
6.083619999999999870e-04
7.043369999999999752e-04
6.777279999999999459e-04
1.432399999999999906e-04
-1.048410000000000054e-03
-1.746359999999999970e-03
-1.497349999999999940e-03
-1.453349999999999954e-03
-1.309580000000000076e-03
-1.223880000000000107e-03
-6.895679999999999952e-04
-1.094270000000000052e-03
1.027530000000000023e-03
1.490390000000000074e-03
1.957509999999999979e-03
2.586450000000000120e-03
2.762619999999999919e-03
3.957539999999999843e-03
3.626299999999999836e-03
3.602360000000000197e-03
3.493570000000000095e-03
3.407970000000000183e-03
3.396800000000000166e-03
3.346040000000000212e-03
3.346850000000000172e-03
4.430660000000000327e-03
3.831769999999999968e-03
4.362790000000000071e-03
4.068490000000000127e-03
4.112819999999999671e-03
2.896150000000000113e-03
2.905490000000000156e-03
2.666280000000000039e-03
2.669229999999999867e-03
2.622119999999999920e-03
2.427159999999999821e-03
1.732030000000000071e-03
3.137850000000000188e-03
3.488970000000000092e-03
3.836299999999999953e-03
3.237610000000000141e-03
2.564690000000000112e-03
2.742510000000000087e-03
7.280620000000000234e-04
-6.709900000000000250e-05
-9.288690000000000271e-04
-1.573039999999999942e-03
-2.157880000000000041e-03
-2.302400000000000019e-03
-2.322429999999999894e-03
-3.471039999999999889e-03
-3.952899999999999643e-03
-3.824360000000000172e-03
-3.901869999999999991e-03
-3.734690000000000145e-03
-3.643579999999999996e-03
-3.511119999999999953e-03
-3.456750000000000187e-03
-3.321600000000000073e-03
-3.288730000000000125e-03
-3.288670000000000048e-03
-3.765000000000000117e-03
-2.265950000000000082e-03
-2.309009999999999795e-03
-1.483850000000000099e-03
-1.272609999999999974e-03
-9.633629999999999581e-04
2.221280000000000119e-04
3.356790000000000229e-04
5.332079999999999676e-04
5.579829999999999599e-04
6.940400000000000432e-04
6.332650000000000431e-04
2.830040000000000030e-04
7.031599999999999559e-05
-4.752600000000000270e-04
6.293610000000000040e-06
-1.757850000000000119e-05
8.809549999999999705e-05
-1.841319999999999914e-04
-2.475469999999999797e-04
2.642060000000000112e-04
1.258929999999999956e-04
2.322869999999999937e-04
1.776869999999999947e-04
1.945630000000000005e-04
-5.235110000000000501e-04
1.952489999999999868e-04
6.015449999999999877e-04
8.894740000000000155e-04
9.407550000000000417e-04
9.923519999999999477e-04
1.592419999999999990e-03
1.792490000000000099e-03
1.086409999999999893e-03
9.299140000000000010e-04
9.720479999999999876e-04
9.555489999999999817e-04
1.026449999999999932e-03
1.007999999999999998e-03
9.356359999999999981e-04
1.096479999999999937e-03
8.391419999999999695e-04
8.634600000000000304e-04
8.566949999999999826e-04
8.239229999999999514e-04
1.131440000000000050e-03
7.229030000000000004e-04
7.513160000000000281e-04
6.840270000000000291e-04
1.024640000000000056e-03
3.452659999999999974e-04
1.320619999999999997e-03
1.017609999999999956e-03
1.087300000000000029e-03
9.907010000000000816e-04
8.389219999999999750e-04
8.689459999999999979e-04
2.721600000000000234e-04
1.883579999999999879e-04
-2.057659999999999947e-04
-1.697120000000000041e-04
-1.918749999999999883e-04
-1.765720000000000028e-04
-1.596609999999999880e-04
2.303299999999999987e-04
2.855579999999999924e-04
3.614609999999999872e-04
5.394689999999999945e-04
6.409879999999999961e-04
5.959929999999999568e-04
5.754640000000000319e-04
5.328130000000000366e-04
4.910290000000000314e-04
5.350650000000000414e-04
3.159600000000000039e-04
1.574539999999999870e-04
3.714710000000000082e-04
3.120299999999999788e-04
1.893470000000000016e-04
7.167730000000000574e-05
-7.790490000000000013e-05
2.225050000000000118e-04
-2.007880000000000027e-04
-1.447300000000000051e-04
-4.133399999999999965e-04
-4.636700000000000110e-04
-4.584899999999999826e-04
-6.824500000000000271e-04
-6.639839999999999501e-04
-6.475549999999999622e-04
-6.063410000000000414e-04
-5.915140000000000155e-04
-5.498150000000000476e-04
-5.309139999999999519e-04
-6.159660000000000179e-04
-6.646869999999999602e-04
-6.103179999999999933e-04
-5.836990000000000234e-04
-5.302329999999999630e-04
-4.942889999999999697e-04
-5.649010000000000316e-04
-3.180589999999999850e-04
-2.672719999999999848e-04
-1.716099999999999917e-04
-1.137260000000000018e-04
-5.039019999999999741e-05
6.770640000000000621e-05
-4.770599999999999692e-06
-5.416359999999999757e-05
6.962120000000000353e-05
5.603770000000000051e-05
1.291379999999999958e-04
1.941280000000000089e-04
2.910909999999999952e-04
2.842429999999999957e-04
3.631029999999999826e-04
4.118570000000000108e-04
3.731890000000000077e-04
4.231950000000000165e-04
3.858180000000000116e-04
3.599160000000000011e-04
3.900369999999999792e-04
3.478409999999999922e-04
3.133640000000000037e-04
2.695749999999999796e-04
1.871680000000000078e-04
2.293730000000000009e-04
1.804470000000000021e-04
1.944369999999999953e-04
1.574699999999999950e-04
1.434229999999999988e-04
1.507149999999999961e-04
7.953389999999999418e-05
5.542209999999999915e-05
2.999510000000000018e-05
1.115969999999999922e-05
-4.671249999999999957e-07
-6.655579999999999727e-06
-3.620360000000000011e-05
-6.061200000000000176e-05
-7.496820000000000502e-05
-8.623600000000000579e-05
-9.978800000000000072e-05
-1.255670000000000126e-04
-1.284780000000000123e-04
-1.381099999999999906e-04
-1.438330000000000034e-04
-1.586559999999999934e-04
-1.715619999999999949e-04
-1.762850000000000105e-04
-1.900899999999999910e-04
-1.761440000000000130e-04
-1.778659999999999942e-04
-1.781940000000000086e-04
-1.722310000000000117e-04
-1.677030000000000035e-04
-1.615390000000000131e-04
-1.597380000000000078e-04
-1.567469999999999953e-04
-1.511799999999999993e-04
-1.473450000000000064e-04
-1.407040000000000135e-04
-1.330419999999999910e-04
-1.261160000000000102e-04
-1.176030000000000055e-04
-1.096300000000000058e-04
-1.035400000000000014e-04
-9.603249999999999916e-05
-8.921179999999999854e-05
-8.361409999999999622e-05
-7.752239999999999489e-05
-7.181609999999999838e-05
-6.707969999999999406e-05
-6.228879999999999899e-05
-5.809769999999999773e-05
-5.424600000000000206e-05
-5.049529999999999747e-05
-4.732340000000000163e-05
-4.436620000000000223e-05
-4.170609999999999698e-05
-3.937490000000000141e-05
-3.730500000000000282e-05
-3.552140000000000180e-05
-3.400609999999999955e-05
-3.278320000000000149e-05
-3.179450000000000196e-05
-3.106009999999999761e-05
-3.056800000000000278e-05
0.000000000000000000e+00
0.000000000000000000e+00
